%YAML:1.0
---
R: !!opencv-matrix
   rows: 3
   cols: 3
   dt: d
   data: [ 9.9998505024526163e-01, 3.5253250461816611e-03,
       4.1798767087447338e-03, -3.4957471578340648e-03,
       9.9996894942320580e-01, -7.0625732745585677e-03,
       -4.2046447876173190e-03, 7.0478558986955837e-03,
       9.9996632377767658e-01 ]
T: !!opencv-matrix
   rows: 3
   cols: 1
   dt: d
   data: [ -3.3269653179960606e+01, 3.7375231026227734e-01,
       -1.2058042444631363e-02 ]
Rl: !!opencv-matrix
   rows: 3
   cols: 3
   dt: d
   data: [ 9.9995963481279260e-01, -7.7053158931017331e-03,
       4.6213474283753816e-03, 7.7215690138540448e-03,
       9.9996402975801424e-01, -3.5094959862160221e-03,
       -4.5941394221907100e-03, 3.5450383778587368e-03,
       9.9998316315119484e-01 ]
Rr: !!opencv-matrix
   rows: 3
   cols: 3
   dt: d
   data: [ 9.9993683858087634e-01, -1.1233321294766898e-02,
       3.6241077646163812e-04, 1.1231982557127778e-02,
       9.9993077371774242e-01, 3.5057581310228682e-03,
       -4.0176699557844826e-04, -3.5014661108444733e-03,
       9.9999378913989057e-01 ]
Pl: !!opencv-matrix
   rows: 3
   cols: 4
   dt: d
   data: [ 5.3491517436865252e+02, 0., 3.3675909042358398e+02, 0., 0.,
       5.3491517436865252e+02, 2.4446243286132812e+02, 0., 0., 0., 1.,
       0. ]
Pr: !!opencv-matrix
   rows: 3
   cols: 4
   dt: d
   data: [ 5.3491517436865252e+02, 0., 3.3675909042358398e+02,
       -1.7797566451497241e+04, 0., 5.3491517436865252e+02,
       2.4446243286132812e+02, 0., 0., 0., 1., 0. ]
Q: !!opencv-matrix
   rows: 4
   cols: 4
   dt: d
   data: [ 1., 0., 0., -3.3675909042358398e+02, 0., 1., 0.,
       -2.4446243286132812e+02, 0., 0., 0., 5.3491517436865252e+02, 0.,
       0., 3.0055523367558609e-02, 0. ]
