%YAML:1.0
---
cameraMatrixL: !!opencv-matrix
   rows: 3
   cols: 3
   dt: d
   data: [ 5.3330525616051398e+02, 0., 3.4180669036547988e+02, 0.,
       5.3333203023362728e+02, 2.3497337700376923e+02, 0., 0., 1. ]
cameraDistcoeffL: !!opencv-matrix
   rows: 5
   cols: 1
   dt: d
   data: [ -2.8316831219653649e-01, 5.6362031636448977e-02,
       1.1452694379561492e-03, -2.6446275291120775e-04,
       8.1786467795046280e-02 ]
cameraMatrixR: !!opencv-matrix
   rows: 3
   cols: 3
   dt: d
   data: [ 5.3681340090386959e+02, 0., 3.2668509792707033e+02, 0.,
       5.3649831850367775e+02, 2.5007501027016593e+02, 0., 0., 1. ]
cameraDistcoeffR: !!opencv-matrix
   rows: 5
   cols: 1
   dt: d
   data: [ -2.9676754103179781e-01, 1.4400633942371405e-01,
       -5.4170358628219503e-04, 5.6506439748287918e-05,
       -5.4027359392260173e-02 ]
